8990 76845 93337 90170
90964 99198 17044 33728
98147 27580 54966 96350
42173 44973 59594 32474
95120 38271 12145 70847
31199 23454 26030 99301
76885 55475 36905 1355
84630 2616 71498 62636
7525 41006 41906 99327
26797 12556 84087 52786
95187 29170 3007 24357
96816 41045 66951 70527
35708 81040 2877 73235
1260 90408 89361 77516
79388 77637 33683 45237
72263 31574 7860 96485
53870 59273 90006 34703
69857 74332 80112 79213
92664 48848 28756 16383
13414 16692 5218 27734
35122 68529 55515 44223
82123 96189 97776 45626
35661 17830 71414 49424
85349 3667 42017 37981
19035 69455 60833 44332
15997 12838 53338 26003
87718 4114 12252 59443
8493 88840 20126 18485
59757 70181 12004 43059
59582 63191 15088 426
58044 31324 56578 78719
74658 46007 24715 49407
63148 22112 82212 92360
24758 53010 67866 90788
1817 74636 6473 73206
16008 89952 38195 28476
63946 64374 58491 78777
22989 50481 97412 59153
75028 39012 56103 8276
45375 1148 96950 60347
53690 73902 54868 22640
43757 73832 92378 25871
12752 70477 65440 99501
46634 81073 36947 90419
30366 17606 3141 4838
22987 28383 24079 7388
2342 65368 67108 74140
29156 82011 50334 79391
90116 34197 72144 33519
58474 78344 83881 27203
24201 58162 27379 24342
71009 42949 81436 51477
38038 57753 74655 38924
89162 28215 20969 75459
91099 43239 40356 39114
75755 99469 85594 95102
38294 65552 80263 43039
27615 42411 76331 28575
46455 54731 40495 20898
1397 64175 63168 50491
84805 68057 20116 50049
13918 73351 23365 2315
77596 5141 98134 89759
73705 45623 32870 61929
77102 42981 32692 32726
92343 82778 97572 91555
26406 34694 20707 30785
62661 35132 59690 41479
54589 74773 16797 86771
61652 55857 80590 12256
86801 59319 84132 53702
46872 9136 86191 33677
82495 29433 99418 29319
50070 37031 56012 18531
67394 62861 158 65256
54189 99574 98721 58743
40354 81710 93016 44303
12686 68881 50400 67750
21091 9439 82304 85182
50058 71535 42602 82896
44382 87128 27921 96514
9529 87048 99899 19998
78201 33805 16956 57877
64151 88280 66981 25235
2439 97116 96632 41528
927 26924 28474 19614
98616 19525 58073 54012
83411 27993 25461 29666
48554 67460 42335 14645
11917 69733 60781 90735
81490 17751 6373 42547
46789 77861 3370 99749
76998 77519 20470 62775
71166 2490 64260 78912
14911 30166 72605 31763
20017 70418 27051 68602
7335 21626 8053 23486
26281 32708 97549 95642
22085 2921 84905 88923
20798 21476 13206 29643
